1	110000	110000	2
2	110000	110101	3
3	110000	110102	3
4	110000	110103	3
5	110000	110104	3
6	110000	110105	3
7	110000	110106	3
8	110000	110107	3
9	110000	110108	3
10	110000	110109	3
11	110000	110111	3
12	110000	110112	3
13	110000	110113	3
14	110000	110114	3
15	110000	110115	3
16	110000	110116	3
17	110000	110117	3
18	110000	110228	3
19	110000	110229	3
20	310000	310000	2
21	310000	310101	3
22	310000	310103	3
23	310000	310104	3
24	310000	310105	3
25	310000	310106	3
26	310000	310107	3
27	310000	310108	3
28	310000	310109	3
29	310000	310110	3
30	310000	310112	3
31	310000	310113	3
32	310000	310114	3
33	310000	310115	3
34	310000	310116	3
35	310000	310117	3
36	310000	310118	3
37	310000	310119	3
38	310000	310120	3
39	310000	310230	3
40	120000	120000	2
41	120000	120101	3
42	120000	120102	3
43	120000	120103	3
44	120000	120104	3
45	120000	120105	3
46	120000	120106	3
47	120000	120107	3
48	120000	120108	3
49	120000	120109	3
50	120000	120110	3
51	120000	120111	3
52	120000	120112	3
53	120000	120113	3
54	120000	120114	3
55	120000	120115	3
56	120000	120221	3
57	120000	120223	3
58	120000	120225	3
59	500000	500000	2
60	500000	500101	3
61	500000	500102	3
62	500000	500103	3
63	500000	500104	3
64	500000	500105	3
65	500000	500106	3
66	500000	500107	3
67	500000	500108	3
68	500000	500109	3
69	500000	500110	3
70	500000	500111	3
71	500000	500112	3
72	500000	500113	3
73	500000	500114	3
74	500000	500115	3
75	500000	500116	3
76	500000	500117	3
77	500000	500118	3
78	500000	500119	3
79	500000	500222	3
80	500000	500223	3
81	500000	500224	3
82	500000	500225	3
83	500000	500226	3
84	500000	500227	3
85	500000	500228	3
86	500000	500229	3
87	500000	500230	3
88	500000	500231	3
89	500000	500232	3
90	500000	500233	3
91	500000	500234	3
92	500000	500235	3
93	500000	500236	3
94	500000	500237	3
95	500000	500238	3
96	500000	500240	3
97	500000	500241	3
98	500000	500242	3
99	500000	500243	3
100	130000	130100	2
101	130100	130102	3
102	130100	130103	3
103	130100	130104	3
104	130100	130105	3
105	130100	130107	3
106	130100	130108	3
107	130100	130121	3
108	130100	130123	3
109	130100	130124	3
110	130100	130125	3
111	130100	130126	3
112	130100	130127	3
113	130100	130128	3
114	130100	130129	3
115	130100	130130	3
116	130100	130131	3
117	130100	130132	3
118	130100	130133	3
119	130100	130181	3
120	130100	130182	3
121	130100	130183	3
122	130100	130184	3
123	130100	130185	3
124	130000	130200	2
125	130200	130202	3
126	130200	130203	3
127	130200	130204	3
128	130200	130205	3
129	130200	130207	3
130	130200	130208	3
131	130200	130223	3
132	130200	130224	3
133	130200	130225	3
134	130200	130227	3
135	130200	130229	3
136	130200	130230	3
137	130200	130281	3
138	130200	130283	3
139	130000	130300	2
140	130300	130302	3
141	130300	130303	3
142	130300	130304	3
143	130300	130321	3
144	130300	130322	3
145	130300	130323	3
146	130300	130324	3
147	130000	130400	2
148	130400	130402	3
149	130400	130403	3
150	130400	130404	3
151	130400	130406	3
152	130400	130421	3
153	130400	130423	3
154	130400	130424	3
155	130400	130425	3
156	130400	130426	3
157	130400	130427	3
158	130400	130428	3
159	130400	130429	3
160	130400	130430	3
161	130400	130431	3
162	130400	130432	3
163	130400	130433	3
164	130400	130434	3
165	130400	130435	3
166	130400	130481	3
167	130000	130500	2
168	130500	130502	3
169	130500	130503	3
170	130500	130521	3
171	130500	130522	3
172	130500	130523	3
173	130500	130524	3
174	130500	130525	3
175	130500	130526	3
176	130500	130527	3
177	130500	130528	3
178	130500	130529	3
179	130500	130530	3
180	130500	130531	3
181	130500	130532	3
182	130500	130533	3
183	130500	130534	3
184	130500	130535	3
185	130500	130581	3
186	130500	130582	3
187	130000	130600	2
188	130600	130602	3
189	130600	130603	3
190	130600	130604	3
191	130600	130621	3
192	130600	130622	3
193	130600	130623	3
194	130600	130624	3
195	130600	130625	3
196	130600	130626	3
197	130600	130627	3
198	130600	130628	3
199	130600	130629	3
200	130600	130630	3
201	130600	130631	3
202	130600	130632	3
203	130600	130633	3
204	130600	130634	3
205	130600	130635	3
206	130600	130636	3
207	130600	130637	3
208	130600	130638	3
209	130600	130681	3
210	130600	130682	3
211	130600	130683	3
212	130600	130684	3
213	130000	130700	2
214	130700	130702	3
215	130700	130703	3
216	130700	130705	3
217	130700	130706	3
218	130700	130721	3
219	130700	130722	3
220	130700	130723	3
221	130700	130724	3
222	130700	130725	3
223	130700	130726	3
224	130700	130727	3
225	130700	130728	3
226	130700	130729	3
227	130700	130730	3
228	130700	130731	3
229	130700	130732	3
230	130700	130733	3
231	130000	130800	2
232	130800	130802	3
233	130800	130803	3
234	130800	130804	3
235	130800	130821	3
236	130800	130822	3
237	130800	130823	3
238	130800	130824	3
239	130800	130825	3
240	130800	130826	3
241	130800	130827	3
242	130800	130828	3
243	130000	130900	2
244	130900	130902	3
245	130900	130903	3
246	130900	130921	3
247	130900	130922	3
248	130900	130923	3
249	130900	130924	3
250	130900	130925	3
251	130900	130926	3
252	130900	130927	3
253	130900	130928	3
254	130900	130929	3
255	130900	130930	3
256	130900	130981	3
257	130900	130982	3
258	130900	130983	3
259	130900	130984	3
260	130000	131000	2
261	131000	131002	3
262	131000	131003	3
263	131000	131022	3
264	131000	131023	3
265	131000	131024	3
266	131000	131025	3
267	131000	131026	3
268	131000	131028	3
269	131000	131081	3
270	131000	131082	3
271	130000	131100	2
272	131100	131102	3
273	131100	131121	3
274	131100	131122	3
275	131100	131123	3
276	131100	131124	3
277	131100	131125	3
278	131100	131126	3
279	131100	131127	3
280	131100	131128	3
281	131100	131181	3
282	131100	131182	3
283	140000	140100	2
284	140100	140105	3
285	140100	140106	3
286	140100	140107	3
287	140100	140108	3
288	140100	140109	3
289	140100	140110	3
290	140100	140121	3
291	140100	140122	3
292	140100	140123	3
293	140100	140181	3
294	140000	140200	2
295	140200	140202	3
296	140200	140203	3
297	140200	140211	3
298	140200	140212	3
299	140200	140221	3
300	140200	140222	3
301	140200	140223	3
302	140200	140224	3
303	140200	140225	3
304	140200	140226	3
305	140200	140227	3
306	140000	140300	2
307	140300	140302	3
308	140300	140303	3
309	140300	140311	3
310	140300	140321	3
311	140300	140322	3
312	140000	140400	2
313	140400	140402	3
314	140400	140411	3
315	140400	140421	3
316	140400	140423	3
317	140400	140424	3
318	140400	140425	3
319	140400	140426	3
320	140400	140427	3
321	140400	140428	3
322	140400	140429	3
323	140400	140430	3
324	140400	140431	3
325	140400	140481	3
326	140000	140500	2
327	140500	140502	3
328	140500	140521	3
329	140500	140522	3
330	140500	140524	3
331	140500	140525	3
332	140500	140581	3
333	140000	140600	2
334	140600	140602	3
335	140600	140603	3
336	140600	140621	3
337	140600	140622	3
338	140600	140623	3
339	140600	140624	3
340	140000	140700	2
341	140700	140702	3
342	140700	140721	3
343	140700	140722	3
344	140700	140723	3
345	140700	140724	3
346	140700	140725	3
347	140700	140726	3
348	140700	140727	3
349	140700	140728	3
350	140700	140729	3
351	140700	140781	3
352	140000	140800	2
353	140800	140802	3
354	140800	140821	3
355	140800	140822	3
356	140800	140823	3
357	140800	140824	3
358	140800	140825	3
359	140800	140826	3
360	140800	140827	3
361	140800	140828	3
362	140800	140829	3
363	140800	140830	3
364	140800	140881	3
365	140800	140882	3
366	140000	140900	2
367	140900	140902	3
368	140900	140921	3
369	140900	140922	3
370	140900	140923	3
371	140900	140924	3
372	140900	140925	3
373	140900	140926	3
374	140900	140927	3
375	140900	140928	3
376	140900	140929	3
377	140900	140930	3
378	140900	140931	3
379	140900	140932	3
380	140900	140981	3
381	140000	141000	2
382	141000	141002	3
383	141000	141021	3
384	141000	141022	3
385	141000	141023	3
386	141000	141024	3
387	141000	141025	3
388	141000	141026	3
389	141000	141027	3
390	141000	141028	3
391	141000	141029	3
392	141000	141030	3
393	141000	141031	3
394	141000	141032	3
395	141000	141033	3
396	141000	141034	3
397	141000	141081	3
398	141000	141082	3
399	140000	141100	2
400	141100	141102	3
401	141100	141121	3
402	141100	141122	3
403	141100	141123	3
404	141100	141124	3
405	141100	141125	3
406	141100	141126	3
407	141100	141127	3
408	141100	141128	3
409	141100	141129	3
410	141100	141130	3
411	141100	141181	3
412	141100	141182	3
413	150000	150100	2
414	150100	150102	3
415	150100	150103	3
416	150100	150104	3
417	150100	150105	3
418	150100	150121	3
419	150100	150122	3
420	150100	150123	3
421	150100	150124	3
422	150100	150125	3
423	150000	150200	2
424	150200	150202	3
425	150200	150203	3
426	150200	150204	3
427	150200	150205	3
428	150200	150206	3
429	150200	150207	3
430	150200	150221	3
431	150200	150222	3
432	150200	150223	3
433	150000	150300	2
434	150300	150302	3
435	150300	150303	3
436	150300	150304	3
437	150000	150400	2
438	150400	150402	3
439	150400	150403	3
440	150400	150404	3
441	150400	150421	3
442	150400	150422	3
443	150400	150423	3
444	150400	150424	3
445	150400	150425	3
446	150400	150426	3
447	150400	150428	3
448	150400	150429	3
449	150400	150430	3
450	150000	150500	2
451	150500	150502	3
452	150500	150521	3
453	150500	150522	3
454	150500	150523	3
455	150500	150524	3
456	150500	150525	3
457	150500	150526	3
458	150500	150581	3
459	150000	150600	2
460	150600	150602	3
461	150600	150621	3
462	150600	150622	3
463	150600	150623	3
464	150600	150624	3
465	150600	150625	3
466	150600	150626	3
467	150600	150627	3
468	150000	150700	2
469	150700	150702	3
470	150700	150721	3
471	150700	150722	3
472	150700	150723	3
473	150700	150724	3
474	150700	150725	3
475	150700	150726	3
476	150700	150727	3
477	150700	150781	3
478	150700	150782	3
479	150700	150783	3
480	150700	150784	3
481	150700	150785	3
482	150000	150800	2
483	150800	150802	3
484	150800	150821	3
485	150800	150822	3
486	150800	150823	3
487	150800	150824	3
488	150800	150825	3
489	150800	150826	3
490	150000	150900	2
491	150900	150902	3
492	150900	150921	3
493	150900	150922	3
494	150900	150923	3
495	150900	150924	3
496	150900	150925	3
497	150900	150926	3
498	150900	150927	3
499	150900	150928	3
500	150900	150929	3
501	150900	150981	3
502	150000	152200	2
503	152200	152201	3
504	152200	152202	3
505	152200	152221	3
506	152200	152222	3
507	152200	152223	3
508	152200	152224	3
509	150000	152500	2
510	152500	152501	3
511	152500	152502	3
512	152500	152522	3
513	152500	152523	3
514	152500	152524	3
515	152500	152525	3
516	152500	152526	3
517	152500	152527	3
518	152500	152528	3
519	152500	152529	3
520	152500	152530	3
521	152500	152531	3
522	150000	152900	2
523	152900	152921	3
524	152900	152922	3
525	152900	152923	3
526	210000	210100	2
527	210100	210102	3
528	210100	210103	3
529	210100	210104	3
530	210100	210105	3
531	210100	210106	3
532	210100	210111	3
533	210100	210112	3
534	210100	210113	3
535	210100	210114	3
536	210100	210122	3
537	210100	210123	3
538	210100	210124	3
539	210100	210181	3
540	210000	210200	2
541	210200	210202	3
542	210200	210203	3
543	210200	210204	3
544	210200	210211	3
545	210200	210212	3
546	210200	210213	3
547	210200	210224	3
548	210200	210281	3
549	210200	210282	3
550	210200	210283	3
551	210000	210300	2
552	210300	210302	3
553	210300	210303	3
554	210300	210304	3
555	210300	210311	3
556	210300	210321	3
557	210300	210323	3
558	210300	210381	3
559	210000	210400	2
560	210400	210402	3
561	210400	210403	3
562	210400	210404	3
563	210400	210411	3
564	210400	210421	3
565	210400	210422	3
566	210400	210423	3
567	210000	210500	2
568	210500	210502	3
569	210500	210503	3
570	210500	210504	3
571	210500	210505	3
572	210500	210521	3
573	210500	210522	3
574	210000	210600	2
575	210600	210602	3
576	210600	210603	3
577	210600	210604	3
578	210600	210624	3
579	210600	210681	3
580	210600	210682	3
581	210000	210700	2
582	210700	210702	3
583	210700	210703	3
584	210700	210711	3
585	210700	210726	3
586	210700	210727	3
587	210700	210781	3
588	210700	210782	3
589	210000	210800	2
590	210800	210802	3
591	210800	210803	3
592	210800	210804	3
593	210800	210811	3
594	210800	210881	3
595	210800	210882	3
596	210000	210900	2
597	210900	210902	3
598	210900	210903	3
599	210900	210904	3
600	210900	210905	3
601	210900	210911	3
602	210900	210921	3
603	210900	210922	3
604	210000	211000	2
605	211000	211002	3
606	211000	211003	3
607	211000	211004	3
608	211000	211005	3
609	211000	211011	3
610	211000	211021	3
611	211000	211081	3
612	210000	211100	2
613	211100	211102	3
614	211100	211103	3
615	211100	211121	3
616	211100	211122	3
617	210000	211200	2
618	211200	211202	3
619	211200	211204	3
620	211200	211221	3
621	211200	211223	3
622	211200	211224	3
623	211200	211281	3
624	211200	211282	3
625	210000	211300	2
626	211300	211302	3
627	211300	211303	3
628	211300	211321	3
629	211300	211322	3
630	211300	211324	3
631	211300	211381	3
632	211300	211382	3
633	210000	211400	2
634	211400	211402	3
635	211400	211403	3
636	211400	211404	3
637	211400	211421	3
638	211400	211422	3
639	211400	211481	3
640	220000	220100	2
641	220100	220102	3
642	220100	220103	3
643	220100	220104	3
644	220100	220105	3
645	220100	220106	3
646	220100	220112	3
647	220100	220122	3
648	220100	220181	3
649	220100	220182	3
650	220100	220183	3
651	220000	220200	2
652	220200	220202	3
653	220200	220203	3
654	220200	220204	3
655	220200	220211	3
656	220200	220221	3
657	220200	220281	3
658	220200	220282	3
659	220200	220283	3
660	220200	220284	3
661	220000	220300	2
662	220300	220302	3
663	220300	220303	3
664	220300	220322	3
665	220300	220323	3
666	220300	220381	3
667	220300	220382	3
668	220000	220400	2
669	220400	220402	3
670	220400	220403	3
671	220400	220421	3
672	220400	220422	3
673	220000	220500	2
674	220500	220502	3
675	220500	220503	3
676	220500	220521	3
677	220500	220523	3
678	220500	220524	3
679	220500	220581	3
680	220500	220582	3
681	220000	220600	2
682	220600	220602	3
683	220600	220605	3
684	220600	220621	3
685	220600	220622	3
686	220600	220623	3
687	220600	220681	3
688	220000	220700	2
689	220700	220702	3
690	220700	220721	3
691	220700	220722	3
692	220700	220723	3
693	220700	220724	3
694	220000	220800	2
695	220800	220802	3
696	220800	220821	3
697	220800	220822	3
698	220800	220881	3
699	220800	220882	3
700	220000	222400	2
701	222400	222401	3
702	222400	222402	3
703	222400	222403	3
704	222400	222404	3
705	222400	222405	3
706	222400	222406	3
707	222400	222424	3
708	222400	222426	3
709	320000	320100	2
710	320100	320102	3
711	320100	320103	3
712	320100	320104	3
713	320100	320105	3
714	320100	320106	3
715	320100	320107	3
716	320100	320111	3
717	320100	320113	3
718	320100	320114	3
719	320100	320115	3
720	320100	320116	3
721	320100	320124	3
722	320100	320125	3
723	320000	320200	2
724	320200	320202	3
725	320200	320203	3
726	320200	320204	3
727	320200	320205	3
728	320200	320206	3
729	320200	320211	3
730	320200	320281	3
731	320200	320282	3
732	320000	320300	2
733	320300	320302	3
734	320300	320303	3
735	320300	320304	3
736	320300	320305	3
737	320300	320311	3
738	320300	320321	3
739	320300	320322	3
740	320300	320323	3
741	320300	320324	3
742	320300	320381	3
743	320300	320382	3
744	320000	320400	2
745	320400	320402	3
746	320400	320404	3
747	320400	320405	3
748	320400	320411	3
749	320400	320412	3
750	320400	320481	3
751	320400	320482	3
752	320000	320500	2
753	320500	320502	3
754	320500	320503	3
755	320500	320504	3
756	320500	320505	3
757	320500	320506	3
758	320500	320507	3
759	320500	320581	3
760	320500	320582	3
761	320500	320583	3
762	320500	320584	3
763	320500	320585	3
764	320000	320600	2
765	320600	320602	3
766	320600	320611	3
767	320600	320621	3
768	320600	320623	3
769	320600	320681	3
770	320600	320682	3
771	320600	320683	3
772	320600	320684	3
773	320000	320700	2
774	320700	320703	3
775	320700	320705	3
776	320700	320706	3
777	320700	320721	3
778	320700	320722	3
779	320700	320723	3
780	320700	320724	3
781	320000	320800	2
782	320800	320802	3
783	320800	320803	3
784	320800	320804	3
785	320800	320811	3
786	320800	320826	3
787	320800	320829	3
788	320800	320830	3
789	320800	320831	3
790	320000	320900	2
791	320900	320902	3
792	320900	320903	3
793	320900	320921	3
794	320900	320922	3
795	320900	320923	3
796	320900	320924	3
797	320900	320925	3
798	320900	320981	3
799	320900	320982	3
800	320000	321000	2
801	321000	321002	3
802	321000	321003	3
803	321000	321011	3
804	321000	321023	3
805	321000	321081	3
806	321000	321084	3
807	321000	321088	3
808	320000	321100	2
809	321100	321102	3
810	321100	321111	3
811	321100	321112	3
812	321100	321181	3
813	321100	321182	3
814	321100	321183	3
815	320000	321200	2
816	321200	321202	3
817	321200	321203	3
818	321200	321281	3
819	321200	321282	3
820	321200	321283	3
821	321200	321284	3
822	320000	321300	2
823	321300	321302	3
824	321300	321311	3
825	321300	321322	3
826	321300	321323	3
827	321300	321324	3
828	330000	330100	2
829	330100	330102	3
830	330100	330103	3
831	330100	330104	3
832	330100	330105	3
833	330100	330106	3
834	330100	330108	3
835	330100	330109	3
836	330100	330110	3
837	330100	330122	3
838	330100	330127	3
839	330100	330182	3
840	330100	330183	3
841	330100	330185	3
842	330000	330200	2
843	330200	330203	3
844	330200	330204	3
845	330200	330205	3
846	330200	330206	3
847	330200	330211	3
848	330200	330212	3
849	330200	330225	3
850	330200	330226	3
851	330200	330281	3
852	330200	330282	3
853	330200	330283	3
854	330000	330300	2
855	330300	330302	3
856	330300	330303	3
857	330300	330304	3
858	330300	330322	3
859	330300	330324	3
860	330300	330326	3
861	330300	330327	3
862	330300	330328	3
863	330300	330329	3
864	330300	330381	3
865	330300	330382	3
866	330000	330400	2
867	330400	330402	3
868	330400	330411	3
869	330400	330421	3
870	330400	330424	3
871	330400	330481	3
872	330400	330482	3
873	330400	330483	3
874	330000	330500	2
875	330500	330502	3
876	330500	330503	3
877	330500	330521	3
878	330500	330522	3
879	330500	330523	3
880	330000	330600	2
881	330600	330602	3
882	330600	330621	3
883	330600	330624	3
884	330600	330681	3
885	330600	330682	3
886	330600	330683	3
887	330000	330700	2
888	330700	330702	3
889	330700	330703	3
890	330700	330723	3
891	330700	330726	3
892	330700	330727	3
893	330700	330781	3
894	330700	330782	3
895	330700	330783	3
896	330700	330784	3
897	330000	330800	2
898	330800	330802	3
899	330800	330803	3
900	330800	330822	3
901	330800	330824	3
902	330800	330825	3
903	330800	330881	3
904	330000	330900	2
905	330900	330902	3
906	330900	330903	3
907	330900	330921	3
908	330900	330922	3
909	330000	331000	2
910	331000	331002	3
911	331000	331003	3
912	331000	331004	3
913	331000	331021	3
914	331000	331022	3
915	331000	331023	3
916	331000	331024	3
917	331000	331081	3
918	331000	331082	3
919	330000	331100	2
920	331100	331102	3
921	331100	331121	3
922	331100	331122	3
923	331100	331123	3
924	331100	331124	3
925	331100	331125	3
926	331100	331126	3
927	331100	331127	3
928	331100	331181	3
929	340000	340100	2
930	340100	340102	3
931	340100	340103	3
932	340100	340104	3
933	340100	340111	3
934	340100	340118	3
935	340100	340121	3
936	340100	340122	3
937	340000	340200	2
938	340200	340202	3
939	340200	340203	3
940	340200	340207	3
941	340200	340208	3
942	340200	340221	3
943	340200	340222	3
944	340200	340223	3
945	340000	340300	2
946	340300	340302	3
947	340300	340303	3
948	340300	340304	3
949	340300	340311	3
950	340300	340321	3
951	340300	340322	3
952	340300	340323	3
953	340000	340400	2
954	340400	340402	3
955	340400	340403	3
956	340400	340404	3
957	340400	340405	3
958	340400	340406	3
959	340400	340421	3
960	340000	340500	2
961	340500	340502	3
962	340500	340503	3
963	340500	340504	3
964	340500	340521	3
965	340000	340600	2
966	340600	340602	3
967	340600	340603	3
968	340600	340604	3
969	340600	340621	3
970	340000	340700	2
971	340700	340702	3
972	340700	340703	3
973	340700	340711	3
974	340700	340721	3
975	340000	340800	2
976	340800	340802	3
977	340800	340803	3
978	340800	340811	3
979	340800	340822	3
980	340800	340823	3
981	340800	340824	3
982	340800	340825	3
983	340800	340826	3
984	340800	340827	3
985	340800	340828	3
986	340800	340881	3
987	340000	341000	2
988	341000	341002	3
989	341000	341003	3
990	341000	341004	3
991	341000	341021	3
992	341000	341022	3
993	341000	341023	3
994	341000	341024	3
995	340000	341100	2
996	341100	341102	3
997	341100	341103	3
998	341100	341122	3
999	341100	341124	3
1000	341100	341125	3
1001	341100	341126	3
1002	341100	341181	3
1003	341100	341182	3
1004	340000	341200	2
1005	341200	341202	3
1006	341200	341203	3
1007	341200	341204	3
1008	341200	341221	3
1009	341200	341222	3
1010	341200	341225	3
1011	341200	341226	3
1012	341200	341282	3
1013	340000	341300	2
1014	341300	341302	3
1015	341300	341321	3
1016	341300	341322	3
1017	341300	341323	3
1018	341300	341324	3
1019	340000	341400	2
1020	341400	341402	3
1021	341400	341421	3
1022	341400	341422	3
1023	341400	341423	3
1024	341400	341424	3
1025	340000	341500	2
1026	341500	341502	3
1027	341500	341503	3
1028	341500	341521	3
1029	341500	341522	3
1030	341500	341523	3
1031	341500	341524	3
1032	341500	341525	3
1033	340000	341600	2
1034	341600	341602	3
1035	341600	341621	3
1036	341600	341622	3
1037	341600	341623	3
1038	340000	341700	2
1039	341700	341702	3
1040	341700	341721	3
1041	341700	341722	3
1042	341700	341723	3
1043	340000	341800	2
1044	341800	341802	3
1045	341800	341821	3
1046	341800	341822	3
1047	341800	341823	3
1048	341800	341824	3
1049	341800	341825	3
1050	341800	341881	3
1051	350000	350100	2
1052	350100	350102	3
1053	350100	350103	3
1054	350100	350104	3
1055	350100	350105	3
1056	350100	350111	3
1057	350100	350121	3
1058	350100	350122	3
1059	350100	350123	3
1060	350100	350124	3
1061	350100	350125	3
1062	350100	350128	3
1063	350100	350181	3
1064	350100	350182	3
1065	350000	350200	2
1066	350200	350203	3
1067	350200	350205	3
1068	350200	350206	3
1069	350200	350211	3
1070	350200	350212	3
1071	350200	350213	3
1072	350000	350300	2
1073	350300	350302	3
1074	350300	350303	3
1075	350300	350304	3
1076	350300	350305	3
1077	350300	350322	3
1078	350000	350400	2
1079	350400	350402	3
1080	350400	350403	3
1081	350400	350421	3
1082	350400	350423	3
1083	350400	350424	3
1084	350400	350425	3
1085	350400	350426	3
1086	350400	350427	3
1087	350400	350428	3
1088	350400	350429	3
1089	350400	350430	3
1090	350400	350481	3
1091	350000	350500	2
1092	350500	350502	3
1093	350500	350503	3
1094	350500	350504	3
1095	350500	350505	3
1096	350500	350521	3
1097	350500	350524	3
1098	350500	350525	3
1099	350500	350526	3
1100	350500	350527	3
1101	350500	350581	3
1102	350500	350582	3
1103	350500	350583	3
1104	350000	350600	2
1105	350600	350602	3
1106	350600	350603	3
1107	350600	350622	3
1108	350600	350623	3
1109	350600	350624	3
1110	350600	350625	3
1111	350600	350626	3
1112	350600	350627	3
1113	350600	350628	3
1114	350600	350629	3
1115	350600	350681	3
1116	350000	350700	2
1117	350700	350702	3
1118	350700	350721	3
1119	350700	350722	3
1120	350700	350723	3
1121	350700	350724	3
1122	350700	350725	3
1123	350700	350781	3
1124	350700	350782	3
1125	350700	350783	3
1126	350700	350784	3
1127	350000	350800	2
1128	350800	350802	3
1129	350800	350821	3
1130	350800	350822	3
1131	350800	350823	3
1132	350800	350824	3
1133	350800	350825	3
1134	350800	350881	3
1135	350000	350900	2
1136	350900	350902	3
1137	350900	350921	3
1138	350900	350922	3
1139	350900	350923	3
1140	350900	350924	3
1141	350900	350925	3
1142	350900	350926	3
1143	350900	350981	3
1144	350900	350982	3
1145	360000	360100	2
1146	360100	360102	3
1147	360100	360103	3
1148	360100	360104	3
1149	360100	360105	3
1150	360100	360111	3
1151	360100	360121	3
1152	360100	360122	3
1153	360100	360123	3
1154	360100	360124	3
1155	360000	360200	2
1156	360200	360202	3
1157	360200	360203	3
1158	360200	360222	3
1159	360200	360281	3
1160	360000	360300	2
1161	360300	360302	3
1162	360300	360313	3
1163	360300	360321	3
1164	360300	360322	3
1165	360300	360323	3
1166	360000	360400	2
1167	360400	360402	3
1168	360400	360403	3
1169	360400	360421	3
1170	360400	360423	3
1171	360400	360424	3
1172	360400	360425	3
1173	360400	360426	3
1174	360400	360427	3
1175	360400	360428	3
1176	360400	360429	3
1177	360400	360430	3
1178	360400	360481	3
1179	360000	360500	2
1180	360500	360502	3
1181	360500	360521	3
1182	360000	360600	2
1183	360600	360602	3
1184	360600	360622	3
1185	360600	360681	3
1186	360000	360700	2
1187	360700	360702	3
1188	360700	360721	3
1189	360700	360722	3
1190	360700	360723	3
1191	360700	360724	3
1192	360700	360725	3
1193	360700	360726	3
1194	360700	360727	3
1195	360700	360728	3
1196	360700	360729	3
1197	360700	360730	3
1198	360700	360731	3
1199	360700	360732	3
1200	360700	360733	3
1201	360700	360734	3
1202	360700	360735	3
1203	360700	360781	3
1204	360700	360782	3
1205	360000	360800	2
1206	360800	360802	3
1207	360800	360803	3
1208	360800	360821	3
1209	360800	360822	3
1210	360800	360823	3
1211	360800	360824	3
1212	360800	360825	3
1213	360800	360826	3
1214	360800	360827	3
1215	360800	360828	3
1216	360800	360829	3
1217	360800	360830	3
1218	360800	360881	3
1219	360000	360900	2
1220	360900	360902	3
1221	360900	360921	3
1222	360900	360922	3
1223	360900	360923	3
1224	360900	360924	3
1225	360900	360925	3
1226	360900	360926	3
1227	360900	360981	3
1228	360900	360982	3
1229	360900	360983	3
1230	360000	361000	2
1231	361000	361002	3
1232	361000	361021	3
1233	361000	361022	3
1234	361000	361023	3
1235	361000	361024	3
1236	361000	361025	3
1237	361000	361026	3
1238	361000	361027	3
1239	361000	361028	3
1240	361000	361029	3
1241	361000	361030	3
1242	360000	361100	2
1243	361100	361102	3
1244	361100	361121	3
1245	361100	361122	3
1246	361100	361123	3
1247	361100	361124	3
1248	361100	361125	3
1249	361100	361126	3
1250	361100	361127	3
1251	361100	361128	3
1252	361100	361129	3
1253	361100	361130	3
1254	361100	361181	3
1255	370000	370100	2
1256	370100	370102	3
1257	370100	370103	3
1258	370100	370104	3
1259	370100	370105	3
1260	370100	370112	3
1261	370100	370113	3
1262	370100	370124	3
1263	370100	370125	3
1264	370100	370126	3
1265	370100	370181	3
1266	370000	370200	2
1267	370200	370202	3
1268	370200	370203	3
1269	370200	370205	3
1270	370200	370211	3
1271	370200	370212	3
1272	370200	370213	3
1273	370200	370214	3
1274	370200	370281	3
1275	370200	370282	3
1276	370200	370283	3
1277	370200	370284	3
1278	370200	370285	3
1279	370000	370300	2
1280	370300	370302	3
1281	370300	370303	3
1282	370300	370304	3
1283	370300	370305	3
1284	370300	370306	3
1285	370300	370321	3
1286	370300	370322	3
1287	370300	370323	3
1288	370000	370400	2
1289	370400	370402	3
1290	370400	370403	3
1291	370400	370404	3
1292	370400	370405	3
1293	370400	370406	3
1294	370400	370481	3
1295	370000	370500	2
1296	370500	370502	3
1297	370500	370503	3
1298	370500	370521	3
1299	370500	370522	3
1300	370500	370523	3
1301	370000	370600	2
1302	370600	370602	3
1303	370600	370611	3
1304	370600	370612	3
1305	370600	370613	3
1306	370600	370634	3
1307	370600	370681	3
1308	370600	370682	3
1309	370600	370683	3
1310	370600	370684	3
1311	370600	370685	3
1312	370600	370686	3
1313	370600	370687	3
1314	370000	370700	2
1315	370700	370702	3
1316	370700	370703	3
1317	370700	370704	3
1318	370700	370705	3
1319	370700	370724	3
1320	370700	370725	3
1321	370700	370781	3
1322	370700	370782	3
1323	370700	370783	3
1324	370700	370784	3
1325	370700	370785	3
1326	370700	370786	3
1327	370000	370800	2
1328	370800	370802	3
1329	370800	370811	3
1330	370800	370826	3
1331	370800	370827	3
1332	370800	370828	3
1333	370800	370829	3
1334	370800	370830	3
1335	370800	370831	3
1336	370800	370832	3
1337	370800	370881	3
1338	370800	370882	3
1339	370800	370883	3
1340	370000	370900	2
1341	370900	370902	3
1342	370900	370911	3
1343	370900	370921	3
1344	370900	370923	3
1345	370900	370982	3
1346	370900	370983	3
1347	370000	371000	2
1348	371000	371002	3
1349	371000	371081	3
1350	371000	371082	3
1351	371000	371083	3
1352	370000	371100	2
1353	371100	371102	3
1354	371100	371103	3
1355	371100	371121	3
1356	371100	371122	3
1357	370000	371200	2
1358	371200	371202	3
1359	371200	371203	3
1360	370000	371300	2
1361	371300	371302	3
1362	371300	371311	3
1363	371300	371312	3
1364	371300	371321	3
1365	371300	371322	3
1366	371300	371323	3
1367	371300	371324	3
1368	371300	371325	3
1369	371300	371326	3
1370	371300	371327	3
1371	371300	371328	3
1372	371300	371329	3
1373	370000	371400	2
1374	371400	371402	3
1375	371400	371421	3
1376	371400	371422	3
1377	371400	371423	3
1378	371400	371424	3
1379	371400	371425	3
1380	371400	371426	3
1381	371400	371427	3
1382	371400	371428	3
1383	371400	371481	3
1384	371400	371482	3
1385	370000	371500	2
1386	371500	371502	3
1387	371500	371521	3
1388	371500	371522	3
1389	371500	371523	3
1390	371500	371524	3
1391	371500	371525	3
1392	371500	371526	3
1393	371500	371581	3
1394	370000	371600	2
1395	371600	371602	3
1396	371600	371621	3
1397	371600	371622	3
1398	371600	371623	3
1399	371600	371624	3
1400	371600	371625	3
1401	371600	371626	3
1402	370000	371700	2
1403	371700	371702	3
1404	371700	371721	3
1405	371700	371722	3
1406	371700	371723	3
1407	371700	371724	3
1408	371700	371725	3
1409	371700	371726	3
1410	371700	371727	3
1411	371700	371728	3
1412	410000	410100	2
1413	410100	410102	3
1414	410100	410103	3
1415	410100	410104	3
1416	410100	410105	3
1417	410100	410106	3
1418	410100	410108	3
1419	410100	410122	3
1420	410100	410181	3
1421	410100	410182	3
1422	410100	410183	3
1423	410100	410184	3
1424	410100	410185	3
1425	410000	410200	2
1426	410200	410202	3
1427	410200	410203	3
1428	410200	410204	3
1429	410200	410205	3
1430	410200	410211	3
1431	410200	410221	3
1432	410200	410222	3
1433	410200	410223	3
1434	410200	410224	3
1435	410200	410225	3
1436	410000	410300	2
1437	410300	410302	3
1438	410300	410303	3
1439	410300	410304	3
1440	410300	410305	3
1441	410300	410306	3
1442	410300	410311	3
1443	410300	410322	3
1444	410300	410323	3
1445	410300	410324	3
1446	410300	410325	3
1447	410300	410326	3
1448	410300	410327	3
1449	410300	410328	3
1450	410300	410329	3
1451	410300	410381	3
1452	410000	410400	2
1453	410400	410402	3
1454	410400	410403	3
1455	410400	410404	3
1456	410400	410411	3
1457	410400	410421	3
1458	410400	410422	3
1459	410400	410423	3
1460	410400	410425	3
1461	410400	410481	3
1462	410400	410482	3
1463	410000	410500	2
1464	410500	410502	3
1465	410500	410503	3
1466	410500	410505	3
1467	410500	410506	3
1468	410500	410522	3
1469	410500	410523	3
1470	410500	410526	3
1471	410500	410527	3
1472	410500	410581	3
1473	410000	410600	2
1474	410600	410602	3
1475	410600	410603	3
1476	410600	410611	3
1477	410600	410621	3
1478	410600	410622	3
1479	410000	410700	2
1480	410700	410702	3
1481	410700	410703	3
1482	410700	410704	3
1483	410700	410711	3
1484	410700	410721	3
1485	410700	410724	3
1486	410700	410725	3
1487	410700	410726	3
1488	410700	410727	3
1489	410700	410728	3
1490	410700	410781	3
1491	410700	410782	3
1492	410000	410800	2
1493	410800	410802	3
1494	410800	410803	3
1495	410800	410804	3
1496	410800	410811	3
1497	410800	410821	3
1498	410800	410822	3
1499	410800	410823	3
1500	410800	410825	3
1501	410800	410882	3
1502	410800	410883	3
1503	410000	410900	2
1504	410900	410902	3
1505	410900	410922	3
1506	410900	410923	3
1507	410900	410926	3
1508	410900	410927	3
1509	410900	410928	3
1510	410000	411000	2
1511	411000	411002	3
1512	411000	411023	3
1513	411000	411024	3
1514	411000	411025	3
1515	411000	411081	3
1516	411000	411082	3
1517	410000	411100	2
1518	411100	411102	3
1519	411100	411103	3
1520	411100	411104	3
1521	411100	411121	3
1522	411100	411122	3
1523	410000	411200	2
1524	411200	411202	3
1525	411200	411221	3
1526	411200	411222	3
1527	411200	411224	3
1528	411200	411281	3
1529	411200	411282	3
1530	410000	411300	2
1531	411300	411302	3
1532	411300	411303	3
1533	411300	411321	3
1534	411300	411322	3
1535	411300	411323	3
1536	411300	411324	3
1537	411300	411325	3
1538	411300	411326	3
1539	411300	411327	3
1540	411300	411328	3
1541	411300	411329	3
1542	411300	411330	3
1543	411300	411381	3
1544	410000	411400	2
1545	411400	411402	3
1546	411400	411403	3
1547	411400	411421	3
1548	411400	411422	3
1549	411400	411423	3
1550	411400	411424	3
1551	411400	411425	3
1552	411400	411426	3
1553	411400	411481	3
1554	410000	411500	2
1555	411500	411502	3
1556	411500	411503	3
1557	411500	411521	3
1558	411500	411522	3
1559	411500	411523	3
1560	411500	411524	3
1561	411500	411525	3
1562	411500	411526	3
1563	411500	411527	3
1564	411500	411528	3
1565	410000	411600	2
1566	411600	411602	3
1567	411600	411621	3
1568	411600	411622	3
1569	411600	411623	3
1570	411600	411624	3
1571	411600	411625	3
1572	411600	411626	3
1573	411600	411627	3
1574	411600	411628	3
1575	411600	411681	3
1576	410000	411700	2
1577	411700	411702	3
1578	411700	411721	3
1579	411700	411722	3
1580	411700	411723	3
1581	411700	411724	3
1582	411700	411725	3
1583	411700	411726	3
1584	411700	411727	3
1585	411700	411728	3
1586	411700	411729	3
1587	410000	419000	2
1589	420000	420100	2
1590	420100	420102	3
1591	420100	420103	3
1592	420100	420104	3
1593	420100	420105	3
1594	420100	420106	3
1595	420100	420107	3
1596	420100	420111	3
1597	420100	420112	3
1598	420100	420113	3
1599	420100	420114	3
1600	420100	420115	3
1601	420100	420116	3
1602	420100	420117	3
1603	420000	420200	2
1604	420200	420202	3
1605	420200	420203	3
1606	420200	420204	3
1607	420200	420205	3
1608	420200	420222	3
1609	420200	420281	3
1610	420000	420300	2
1611	420300	420302	3
1612	420300	420303	3
1613	420300	420321	3
1614	420300	420322	3
1615	420300	420323	3
1616	420300	420324	3
1617	420300	420325	3
1618	420300	420381	3
1619	420000	420500	2
1620	420500	420502	3
1621	420500	420503	3
1622	420500	420504	3
1623	420500	420505	3
1624	420500	420506	3
1625	420500	420525	3
1626	420500	420526	3
1627	420500	420527	3
1628	420500	420528	3
1629	420500	420529	3
1630	420500	420581	3
1631	420500	420582	3
1632	420500	420583	3
1633	420000	420600	2
1634	420600	420602	3
1635	420600	420606	3
1636	420600	420607	3
1637	420600	420624	3
1638	420600	420625	3
1639	420600	420626	3
1640	420600	420682	3
1641	420600	420683	3
1642	420600	420684	3
1643	420000	420700	2
1644	420700	420702	3
1645	420700	420703	3
1646	420700	420704	3
1647	420000	420800	2
1648	420800	420802	3
1649	420800	420804	3
1650	420800	420821	3
1651	420800	420822	3
1652	420800	420881	3
1653	420000	420900	2
1654	420900	420902	3
1655	420900	420921	3
1656	420900	420922	3
1657	420900	420923	3
1658	420900	420981	3
1659	420900	420982	3
1660	420900	420984	3
1661	420000	421000	2
1662	421000	421002	3
1663	421000	421003	3
1664	421000	421022	3
1665	421000	421023	3
1666	421000	421024	3
1667	421000	421081	3
1668	421000	421083	3
1669	421000	421087	3
1670	420000	421100	2
1671	421100	421102	3
1672	421100	421121	3
1673	421100	421122	3
1674	421100	421123	3
1675	421100	421124	3
1676	421100	421125	3
1677	421100	421126	3
1678	421100	421127	3
1679	421100	421181	3
1680	421100	421182	3
1681	420000	421200	2
1682	421200	421202	3
1683	421200	421221	3
1684	421200	421222	3
1685	421200	421223	3
1686	421200	421224	3
1687	421200	421281	3
1688	420000	421300	2
1689	421300	421302	3
1690	421300	421381	3
1691	420000	422800	2
1692	422800	422801	3
1693	422800	422802	3
1694	422800	422822	3
1695	422800	422823	3
1696	422800	422825	3
1697	422800	422826	3
1698	422800	422827	3
1699	422800	422828	3
1700	420000	429004	2
1701	420000	429005	2
1702	420000	429006	2
1703	420000	429021	2
1704	430000	430100	2
1705	430100	430102	3
1706	430100	430103	3
1707	430100	430104	3
1708	430100	430105	3
1709	430100	430111	3
1710	430100	430121	3
1711	430100	430122	3
1712	430100	430124	3
1713	430100	430181	3
1714	430000	430200	2
1715	430200	430202	3
1716	430200	430203	3
1717	430200	430204	3
1718	430200	430211	3
1719	430200	430221	3
1720	430200	430223	3
1721	430200	430224	3
1722	430200	430225	3
1723	430200	430281	3
1724	430000	430300	2
1725	430300	430302	3
1726	430300	430304	3
1727	430300	430321	3
1728	430300	430381	3
1729	430300	430382	3
1730	430000	430400	2
1731	430400	430405	3
1732	430400	430406	3
1733	430400	430407	3
1734	430400	430408	3
1735	430400	430412	3
1736	430400	430421	3
1737	430400	430422	3
1738	430400	430423	3
1739	430400	430424	3
1740	430400	430426	3
1741	430400	430481	3
1742	430400	430482	3
1743	430000	430500	2
1744	430500	430502	3
1745	430500	430503	3
1746	430500	430511	3
1747	430500	430521	3
1748	430500	430522	3
1749	430500	430523	3
1750	430500	430524	3
1751	430500	430525	3
1752	430500	430527	3
1753	430500	430528	3
1754	430500	430529	3
1755	430500	430581	3
1756	430000	430600	2
1757	430600	430602	3
1758	430600	430603	3
1759	430600	430611	3
1760	430600	430621	3
1761	430600	430623	3
1762	430600	430624	3
1763	430600	430626	3
1764	430600	430681	3
1765	430600	430682	3
1766	430000	430700	2
1767	430700	430702	3
1768	430700	430703	3
1769	430700	430721	3
1770	430700	430722	3
1771	430700	430723	3
1772	430700	430724	3
1773	430700	430725	3
1774	430700	430726	3
1775	430700	430781	3
1776	430000	430800	2
1777	430800	430802	3
1778	430800	430811	3
1779	430800	430821	3
1780	430800	430822	3
1781	430000	430900	2
1782	430900	430902	3
1783	430900	430903	3
1784	430900	430921	3
1785	430900	430922	3
1786	430900	430923	3
1787	430900	430981	3
1788	430000	431000	2
1789	431000	431002	3
1790	431000	431003	3
1791	431000	431021	3
1792	431000	431022	3
1793	431000	431023	3
1794	431000	431024	3
1795	431000	431025	3
1796	431000	431026	3
1797	431000	431027	3
1798	431000	431028	3
1799	431000	431081	3
1800	430000	431100	2
1801	431100	431102	3
1802	431100	431103	3
1803	431100	431121	3
1804	431100	431122	3
1805	431100	431123	3
1806	431100	431124	3
1807	431100	431125	3
1808	431100	431126	3
1809	431100	431127	3
1810	431100	431128	3
1811	431100	431129	3
1812	430000	431200	2
1813	431200	431202	3
1814	431200	431221	3
1815	431200	431222	3
1816	431200	431223	3
1817	431200	431224	3
1818	431200	431225	3
1819	431200	431226	3
1820	431200	431227	3
1821	431200	431228	3
1822	431200	431229	3
1823	431200	431230	3
1824	431200	431281	3
1825	430000	431300	2
1826	431300	431302	3
1827	431300	431321	3
1828	431300	431322	3
1829	431300	431381	3
1830	431300	431382	3
1831	430000	433100	2
1832	433100	433101	3
1833	433100	433122	3
1834	433100	433123	3
1835	433100	433124	3
1836	433100	433125	3
1837	433100	433126	3
1838	433100	433127	3
1839	433100	433130	3
1840	460000	460100	2
1841	460100	460105	3
1842	460100	460106	3
1843	460100	460107	3
1844	460100	460108	3
1845	460000	460200	2
1846	460000	469001	3
1847	460000	469002	3
1848	460000	469003	3
1849	460000	469005	3
1850	460000	469006	3
1851	460000	469007	3
1852	460000	469021	3
1853	460000	469022	3
1854	460000	469023	3
1855	460000	469024	3
1856	460000	469025	3
1857	460000	469026	3
1858	460000	469027	3
1859	460000	469028	3
1860	460000	469029	3
1861	460000	469030	3
1862	460000	469031	3
1863	460000	469032	3
1864	460000	469033	3
1865	440000	440100	2
1866	440100	440103	3
1867	440100	440104	3
1868	440100	440105	3
1869	440100	440106	3
1870	440100	440111	3
1871	440100	440112	3
1872	440100	440113	3
1873	440100	440114	3
1874	440100	440115	3
1875	440100	440116	3
1876	440100	440183	3
1877	440100	440184	3
1878	440000	440200	2
1879	440200	440203	3
1880	440200	440204	3
1881	440200	440205	3
1882	440200	440222	3
1883	440200	440224	3
1884	440200	440229	3
1885	440200	440232	3
1886	440200	440233	3
1887	440200	440281	3
1888	440200	440282	3
1889	440000	440300	2
1890	440300	440303	3
1891	440300	440304	3
1892	440300	440305	3
1893	440300	440306	3
1894	440300	440307	3
1895	440300	440308	3
1896	440000	440400	2
1897	440400	440402	3
1898	440400	440403	3
1899	440400	440404	3
1900	440000	440500	2
1901	440500	440507	3
1902	440500	440511	3
1903	440500	440512	3
1904	440500	440513	3
1905	440500	440514	3
1906	440500	440515	3
1907	440500	440523	3
1908	440000	440600	2
1909	440600	440604	3
1910	440600	440605	3
1911	440600	440606	3
1912	440600	440607	3
1913	440600	440608	3
1914	440000	440700	2
1915	440700	440703	3
1916	440700	440704	3
1917	440700	440705	3
1918	440700	440781	3
1919	440700	440783	3
1920	440700	440784	3
1921	440700	440785	3
1922	440000	440800	2
1923	440800	440802	3
1924	440800	440803	3
1925	440800	440804	3
1926	440800	440811	3
1927	440800	440823	3
1928	440800	440825	3
1929	440800	440881	3
1930	440800	440882	3
1931	440800	440883	3
1932	440000	440900	2
1933	440900	440902	3
1934	440900	440903	3
1935	440900	440923	3
1936	440900	440981	3
1937	440900	440982	3
1938	440900	440983	3
1939	440000	441200	2
1940	441200	441202	3
1941	441200	441203	3
1942	441200	441223	3
1943	441200	441224	3
1944	441200	441225	3
1945	441200	441226	3
1946	441200	441283	3
1947	441200	441284	3
1948	440000	441300	2
1949	441300	441302	3
1950	441300	441303	3
1951	441300	441322	3
1952	441300	441323	3
1953	441300	441324	3
1954	440000	441400	2
1955	441400	441402	3
1956	441400	441421	3
1957	441400	441422	3
1958	441400	441423	3
1959	441400	441424	3
1960	441400	441426	3
1961	441400	441427	3
1962	441400	441481	3
1963	440000	441500	2
1964	441500	441502	3
1965	441500	441521	3
1966	441500	441523	3
1967	441500	441581	3
1968	440000	441600	2
1969	441600	441602	3
1970	441600	441621	3
1971	441600	441622	3
1972	441600	441623	3
1973	441600	441624	3
1974	441600	441625	3
1975	440000	441700	2
1976	441700	441702	3
1977	441700	441721	3
1978	441700	441723	3
1979	441700	441781	3
1980	440000	441800	2
1981	441800	441802	3
1982	441800	441821	3
1983	441800	441823	3
1984	441800	441825	3
1985	441800	441826	3
1986	441800	441827	3
1987	441800	441881	3
1988	441800	441882	3
1989	440000	441900	2
1990	440000	442000	2
1991	440000	445100	2
1992	445100	445102	3
1993	445100	445121	3
1994	445100	445122	3
1995	440000	445200	2
1996	445200	445202	3
1997	445200	445221	3
1998	445200	445222	3
1999	445200	445224	3
2000	445200	445281	3
2001	440000	445300	2
2002	445300	445302	3
2003	445300	445321	3
2004	445300	445322	3
2005	445300	445323	3
2006	445300	445381	3
2007	450000	450100	2
2008	450100	450102	3
2009	450100	450103	3
2010	450100	450105	3
2011	450100	450107	3
2012	450100	450108	3
2013	450100	450109	3
2014	450100	450122	3
2015	450100	450123	3
2016	450100	450124	3
2017	450100	450125	3
2018	450100	450126	3
2019	450100	450127	3
2020	450000	450200	2
2021	450200	450202	3
2022	450200	450203	3
2023	450200	450204	3
2024	450200	450205	3
2025	450200	450221	3
2026	450200	450222	3
2027	450200	450223	3
2028	450200	450224	3
2029	450200	450225	3
2030	450200	450226	3
2031	450000	450300	2
2032	450300	450302	3
2033	450300	450303	3
2034	450300	450304	3
2035	450300	450305	3
2036	450300	450311	3
2037	450300	450321	3
2038	450300	450322	3
2039	450300	450323	3
2040	450300	450324	3
2041	450300	450325	3
2042	450300	450326	3
2043	450300	450327	3
2044	450300	450328	3
2045	450300	450329	3
2046	450300	450330	3
2047	450300	450331	3
2048	450300	450332	3
2049	450000	450400	2
2050	450400	450403	3
2051	450400	450404	3
2052	450400	450405	3
2053	450400	450421	3
2054	450400	450422	3
2055	450400	450423	3
2056	450400	450481	3
2057	450000	450500	2
2058	450500	450502	3
2059	450500	450503	3
2060	450500	450512	3
2061	450500	450521	3
2062	450000	450600	2
2063	450600	450602	3
2064	450600	450603	3
2065	450600	450621	3
2066	450600	450681	3
2067	450000	450700	2
2068	450700	450702	3
2069	450700	450703	3
2070	450700	450721	3
2071	450700	450722	3
2072	450000	450800	2
2073	450800	450802	3
2074	450800	450803	3
2075	450800	450804	3
2076	450800	450821	3
2077	450800	450881	3
2078	450000	450900	2
2079	450900	450902	3
2080	450900	450921	3
2081	450900	450922	3
2082	450900	450923	3
2083	450900	450924	3
2084	450900	450981	3
2085	450000	451000	2
2086	451000	451002	3
2087	451000	451021	3
2088	451000	451022	3
2089	451000	451023	3
2090	451000	451024	3
2091	451000	451025	3
2092	451000	451026	3
2093	451000	451027	3
2094	451000	451028	3
2095	451000	451029	3
2096	451000	451030	3
2097	451000	451031	3
2098	450000	451100	2
2099	451100	451102	3
2100	451100	451121	3
2101	451100	451122	3
2102	451100	451123	3
2103	450000	451200	2
2104	451200	451202	3
2105	451200	451221	3
2106	451200	451222	3
2107	451200	451223	3
2108	451200	451224	3
2109	451200	451225	3
2110	451200	451226	3
2111	451200	451227	3
2112	451200	451228	3
2113	451200	451229	3
2114	451200	451281	3
2115	450000	451300	2
2116	451300	451302	3
2117	451300	451321	3
2118	451300	451322	3
2119	451300	451323	3
2120	451300	451324	3
2121	451300	451381	3
2122	450000	451400	2
2123	451400	451402	3
2124	451400	451421	3
2125	451400	451422	3
2126	451400	451423	3
2127	451400	451424	3
2128	451400	451425	3
2129	451400	451481	3
2130	510000	510100	2
2131	510100	510104	3
2132	510100	510105	3
2133	510100	510106	3
2134	510100	510107	3
2135	510100	510108	3
2136	510100	510112	3
2137	510100	510113	3
2138	510100	510114	3
2139	510100	510115	3
2140	510100	510118	3
2141	510100	510121	3
2142	510100	510122	3
2143	510100	510124	3
2144	510100	510129	3
2145	510100	510131	3
2146	510100	510132	3
2147	510100	510181	3
2148	510100	510182	3
2149	510100	510183	3
2150	510000	510300	2
2151	510300	510302	3
2152	510300	510303	3
2153	510300	510304	3
2154	510300	510311	3
2155	510300	510321	3
2156	510300	510322	3
2157	510000	510400	2
2158	510400	510402	3
2159	510400	510403	3
2160	510400	510411	3
2161	510400	510421	3
2162	510400	510422	3
2163	510000	510500	2
2164	510500	510502	3
2165	510500	510503	3
2166	510500	510504	3
2167	510500	510521	3
2168	510500	510522	3
2169	510500	510524	3
2170	510500	510525	3
2171	510000	510600	2
2172	510600	510603	3
2173	510600	510623	3
2174	510600	510626	3
2175	510600	510681	3
2176	510600	510682	3
2177	510600	510683	3
2178	510000	510700	2
2179	510700	510703	3
2180	510700	510704	3
2181	510700	510722	3
2182	510700	510723	3
2183	510700	510724	3
2184	510700	510725	3
2185	510700	510726	3
2186	510700	510727	3
2187	510700	510781	3
2188	510000	510800	2
2189	510800	510802	3
2190	510800	510811	3
2191	510800	510812	3
2192	510800	510821	3
2193	510800	510822	3
2194	510800	510823	3
2195	510800	510824	3
2196	510000	510900	2
2197	510900	510903	3
2198	510900	510904	3
2199	510900	510921	3
2200	510900	510922	3
2201	510900	510923	3
2202	510000	511000	2
2203	511000	511002	3
2204	511000	511011	3
2205	511000	511024	3
2206	511000	511025	3
2207	511000	511028	3
2208	510000	511100	2
2209	511100	511102	3
2210	511100	511111	3
2211	511100	511112	3
2212	511100	511113	3
2213	511100	511123	3
2214	511100	511124	3
2215	511100	511126	3
2216	511100	511129	3
2217	511100	511132	3
2218	511100	511133	3
2219	511100	511181	3
2220	510000	511300	2
2221	511300	511302	3
2222	511300	511303	3
2223	511300	511304	3
2224	511300	511321	3
2225	511300	511322	3
2226	511300	511323	3
2227	511300	511324	3
2228	511300	511325	3
2229	511300	511381	3
2230	510000	511400	2
2231	511400	511402	3
2232	511400	511421	3
2233	511400	511422	3
2234	511400	511423	3
2235	511400	511424	3
2236	511400	511425	3
2237	510000	511500	2
2238	511500	511502	3
2239	511500	511521	3
2240	511500	511522	3
2241	511500	511523	3
2242	511500	511524	3
2243	511500	511525	3
2244	511500	511526	3
2245	511500	511527	3
2246	511500	511528	3
2247	511500	511529	3
2248	510000	511600	2
2249	511600	511602	3
2250	511600	511621	3
2251	511600	511622	3
2252	511600	511623	3
2253	511600	511681	3
2254	510000	511700	2
2255	511700	511702	3
2256	511700	511721	3
2257	511700	511722	3
2258	511700	511723	3
2259	511700	511724	3
2260	511700	511725	3
2261	511700	511781	3
2262	510000	511800	2
2263	511800	511802	3
2264	511800	511821	3
2265	511800	511822	3
2266	511800	511823	3
2267	511800	511824	3
2268	511800	511825	3
2269	511800	511826	3
2270	511800	511827	3
2271	510000	511900	2
2272	511900	511902	3
2273	511900	511921	3
2274	511900	511922	3
2275	511900	511923	3
2276	510000	512000	2
2277	512000	512002	3
2278	512000	512021	3
2279	512000	512022	3
2280	512000	512081	3
2281	510000	513200	2
2282	513200	513221	3
2283	513200	513222	3
2284	513200	513223	3
2285	513200	513224	3
2286	513200	513225	3
2287	513200	513226	3
2288	513200	513227	3
2289	513200	513228	3
2290	513200	513229	3
2291	513200	513230	3
2292	513200	513231	3
2293	513200	513232	3
2294	513200	513233	3
2295	510000	513300	2
2296	513300	513321	3
2297	513300	513322	3
2298	513300	513323	3
2299	513300	513324	3
2300	513300	513325	3
2301	513300	513326	3
2302	513300	513327	3
2303	513300	513328	3
2304	513300	513329	3
2305	513300	513330	3
2306	513300	513331	3
2307	513300	513332	3
2308	513300	513333	3
2309	513300	513334	3
2310	513300	513335	3
2311	513300	513336	3
2312	513300	513337	3
2313	513300	513338	3
2314	510000	513400	2
2315	513400	513401	3
2316	513400	513422	3
2317	513400	513423	3
2318	513400	513424	3
2319	513400	513425	3
2320	513400	513426	3
2321	513400	513427	3
2322	513400	513428	3
2323	513400	513429	3
2324	513400	513430	3
2325	513400	513431	3
2326	513400	513432	3
2327	513400	513433	3
2328	513400	513434	3
2329	513400	513435	3
2330	513400	513436	3
2331	513400	513437	3
2332	520000	520100	2
2333	520100	520102	3
2334	520100	520103	3
2335	520100	520111	3
2336	520100	520112	3
2337	520100	520113	3
2338	520100	520114	3
2339	520100	520121	3
2340	520100	520122	3
2341	520100	520123	3
2342	520100	520181	3
2343	520000	520200	2
2344	520200	520201	3
2345	520200	520203	3
2346	520200	520221	3
2347	520200	520222	3
2348	520000	520300	2
2349	520300	520302	3
2350	520300	520303	3
2351	520300	520321	3
2352	520300	520322	3
2353	520300	520323	3
2354	520300	520324	3
2355	520300	520325	3
2356	520300	520326	3
2357	520300	520327	3
2358	520300	520328	3
2359	520300	520329	3
2360	520300	520330	3
2361	520300	520381	3
2362	520300	520382	3
2363	520000	520400	2
2364	520400	520402	3
2365	520400	520421	3
2366	520400	520422	3
2367	520400	520423	3
2368	520400	520424	3
2369	520400	520425	3
2370	520000	522200	2
2371	522200	522201	3
2372	522200	522222	3
2373	522200	522223	3
2374	522200	522224	3
2375	522200	522225	3
2376	522200	522226	3
2377	522200	522227	3
2378	522200	522228	3
2379	522200	522229	3
2380	522200	522230	3
2381	520000	522300	2
2382	522300	522301	3
2383	522300	522322	3
2384	522300	522323	3
2385	522300	522324	3
2386	522300	522325	3
2387	522300	522326	3
2388	522300	522327	3
2389	522300	522328	3
2390	520000	522400	2
2391	522400	522401	3
2392	522400	522422	3
2393	522400	522423	3
2394	522400	522424	3
2395	522400	522425	3
2396	522400	522426	3
2397	522400	522427	3
2398	522400	522428	3
2399	520000	522600	2
2400	522600	522601	3
2401	522600	522622	3
2402	522600	522623	3
2403	522600	522624	3
2404	522600	522625	3
2405	522600	522626	3
2406	522600	522627	3
2407	522600	522628	3
2408	522600	522629	3
2409	522600	522630	3
2410	522600	522631	3
2411	522600	522632	3
2412	522600	522633	3
2413	522600	522634	3
2414	522600	522635	3
2415	522600	522636	3
2416	520000	522700	2
2417	522700	522701	3
2418	522700	522702	3
2419	522700	522722	3
2420	522700	522723	3
2421	522700	522725	3
2422	522700	522726	3
2423	522700	522727	3
2424	522700	522728	3
2425	522700	522729	3
2426	522700	522730	3
2427	522700	522731	3
2428	522700	522732	3
2429	530000	530100	2
2430	530100	530102	3
2431	530100	530103	3
2432	530100	530111	3
2433	530100	530112	3
2434	530100	530113	3
2435	530100	530121	3
2436	530100	530122	3
2437	530100	530124	3
2438	530100	530125	3
2439	530100	530126	3
2440	530100	530127	3
2441	530100	530128	3
2442	530100	530129	3
2443	530100	530181	3
2444	530000	530300	2
2445	530300	530302	3
2446	530300	530321	3
2447	530300	530322	3
2448	530300	530323	3
2449	530300	530324	3
2450	530300	530325	3
2451	530300	530326	3
2452	530300	530328	3
2453	530300	530381	3
2454	530000	530400	2
2455	530400	530402	3
2456	530400	530421	3
2457	530400	530422	3
2458	530400	530423	3
2459	530400	530424	3
2460	530400	530425	3
2461	530400	530426	3
2462	530400	530427	3
2463	530400	530428	3
2464	530000	530500	2
2465	530500	530502	3
2466	530500	530521	3
2467	530500	530522	3
2468	530500	530523	3
2469	530500	530524	3
2470	530000	530600	2
2471	530600	530602	3
2472	530600	530621	3
2473	530600	530622	3
2474	530600	530623	3
2475	530600	530624	3
2476	530600	530625	3
2477	530600	530626	3
2478	530600	530627	3
2479	530600	530628	3
2480	530600	530629	3
2481	530600	530630	3
2482	530000	530700	2
2483	530700	530702	3
2484	530700	530721	3
2485	530700	530722	3
2486	530700	530723	3
2487	530700	530724	3
2488	530000	530800	2
2489	530800	530802	3
2490	530800	530821	3
2491	530800	530822	3
2492	530800	530823	3
2493	530800	530824	3
2494	530800	530825	3
2495	530800	530826	3
2496	530800	530827	3
2497	530800	530828	3
2498	530800	530829	3
2499	530000	530900	2
2500	530900	530902	3
2501	530900	530921	3
2502	530900	530922	3
2503	530900	530923	3
2504	530900	530924	3
2505	530900	530925	3
2506	530900	530926	3
2507	530900	530927	3
2508	530000	532300	2
2509	532300	532301	3
2510	532300	532322	3
2511	532300	532323	3
2512	532300	532324	3
2513	532300	532325	3
2514	532300	532326	3
2515	532300	532327	3
2516	532300	532328	3
2517	532300	532329	3
2518	532300	532331	3
2519	530000	532500	2
2520	532500	532501	3
2521	532500	532502	3
2522	532500	532522	3
2523	532500	532523	3
2524	532500	532524	3
2525	532500	532525	3
2526	532500	532526	3
2527	532500	532527	3
2528	532500	532528	3
2529	532500	532529	3
2530	532500	532530	3
2531	532500	532531	3
2532	532500	532532	3
2533	530000	532600	2
2534	532600	532621	3
2535	532600	532622	3
2536	532600	532623	3
2537	532600	532624	3
2538	532600	532625	3
2539	532600	532626	3
2540	532600	532627	3
2541	532600	532628	3
2542	530000	532800	2
2543	532800	532801	3
2544	532800	532822	3
2545	532800	532823	3
2546	530000	532900	2
2547	532900	532901	3
2548	532900	532922	3
2549	532900	532923	3
2550	532900	532924	3
2551	532900	532925	3
2552	532900	532926	3
2553	532900	532927	3
2554	532900	532928	3
2555	532900	532929	3
2556	532900	532930	3
2557	532900	532931	3
2558	532900	532932	3
2559	530000	533100	2
2560	533100	533102	3
2561	533100	533103	3
2562	533100	533122	3
2563	533100	533123	3
2564	533100	533124	3
2565	530000	533300	2
2566	533300	533321	3
2567	533300	533323	3
2568	533300	533324	3
2569	533300	533325	3
2570	530000	533400	2
2571	533400	533421	3
2572	533400	533422	3
2573	533400	533423	3
2574	540000	540100	2
2575	540100	540102	3
2576	540100	540121	3
2577	540100	540122	3
2578	540100	540123	3
2579	540100	540124	3
2580	540100	540125	3
2581	540100	540126	3
2582	540100	540127	3
2583	540000	542100	2
2584	542100	542121	3
2585	542100	542122	3
2586	542100	542123	3
2587	542100	542124	3
2588	542100	542125	3
2589	542100	542126	3
2590	542100	542127	3
2591	542100	542128	3
2592	542100	542129	3
2593	542100	542132	3
2594	542100	542133	3
2595	540000	542200	2
2596	542200	542221	3
2597	542200	542222	3
2598	542200	542223	3
2599	542200	542224	3
2600	542200	542225	3
2601	542200	542226	3
2602	542200	542227	3
2603	542200	542228	3
2604	542200	542229	3
2605	542200	542231	3
2606	542200	542232	3
2607	542200	542233	3
2608	540000	542300	2
2609	542300	542301	3
2610	542300	542322	3
2611	542300	542323	3
2612	542300	542324	3
2613	542300	542325	3
2614	542300	542326	3
2615	542300	542327	3
2616	542300	542328	3
2617	542300	542329	3
2618	542300	542330	3
2619	542300	542331	3
2620	542300	542332	3
2621	542300	542333	3
2622	542300	542334	3
2623	542300	542335	3
2624	542300	542336	3
2625	542300	542337	3
2626	542300	542338	3
2627	540000	542400	2
2628	542400	542421	3
2629	542400	542422	3
2630	542400	542423	3
2631	542400	542424	3
2632	542400	542425	3
2633	542400	542426	3
2634	542400	542427	3
2635	542400	542428	3
2636	542400	542429	3
2637	542400	542430	3
2638	540000	542500	2
2639	542500	542521	3
2640	542500	542522	3
2641	542500	542523	3
2642	542500	542524	3
2643	542500	542525	3
2644	542500	542526	3
2645	542500	542527	3
2646	540000	542600	2
2647	542600	542621	3
2648	542600	542622	3
2649	542600	542623	3
2650	542600	542624	3
2651	542600	542625	3
2652	542600	542626	3
2653	542600	542627	3
2654	610000	610100	2
2655	610100	610102	3
2656	610100	610103	3
2657	610100	610104	3
2658	610100	610111	3
2659	610100	610112	3
2660	610100	610113	3
2661	610100	610114	3
2662	610100	610115	3
2663	610100	610116	3
2664	610100	610122	3
2665	610100	610124	3
2666	610100	610125	3
2667	610100	610126	3
2668	610000	610200	2
2669	610200	610202	3
2670	610200	610203	3
2671	610200	610204	3
2672	610200	610222	3
2673	610000	610300	2
2674	610300	610302	3
2675	610300	610303	3
2676	610300	610304	3
2677	610300	610322	3
2678	610300	610323	3
2679	610300	610324	3
2680	610300	610326	3
2681	610300	610327	3
2682	610300	610328	3
2683	610300	610329	3
2684	610300	610330	3
2685	610300	610331	3
2686	610000	610400	2
2687	610400	610402	3
2688	610400	610403	3
2689	610400	610404	3
2690	610400	610422	3
2691	610400	610423	3
2692	610400	610424	3
2693	610400	610425	3
2694	610400	610426	3
2695	610400	610427	3
2696	610400	610428	3
2697	610400	610429	3
2698	610400	610430	3
2699	610400	610431	3
2700	610400	610481	3
2701	610000	610500	2
2702	610500	610502	3
2703	610500	610521	3
2704	610500	610522	3
2705	610500	610523	3
2706	610500	610524	3
2707	610500	610525	3
2708	610500	610526	3
2709	610500	610527	3
2710	610500	610528	3
2711	610500	610581	3
2712	610500	610582	3
2713	610000	610600	2
2714	610600	610602	3
2715	610600	610621	3
2716	610600	610622	3
2717	610600	610623	3
2718	610600	610624	3
2719	610600	610625	3
2720	610600	610626	3
2721	610600	610627	3
2722	610600	610628	3
2723	610600	610629	3
2724	610600	610630	3
2725	610600	610631	3
2726	610600	610632	3
2727	610000	610700	2
2728	610700	610702	3
2729	610700	610721	3
2730	610700	610722	3
2731	610700	610723	3
2732	610700	610724	3
2733	610700	610725	3
2734	610700	610726	3
2735	610700	610727	3
2736	610700	610728	3
2737	610700	610729	3
2738	610700	610730	3
2739	610000	610800	2
2740	610800	610802	3
2741	610800	610821	3
2742	610800	610822	3
2743	610800	610823	3
2744	610800	610824	3
2745	610800	610825	3
2746	610800	610826	3
2747	610800	610827	3
2748	610800	610828	3
2749	610800	610829	3
2750	610800	610830	3
2751	610800	610831	3
2752	610000	610900	2
2753	610900	610902	3
2754	610900	610921	3
2755	610900	610922	3
2756	610900	610923	3
2757	610900	610924	3
2758	610900	610925	3
2759	610900	610926	3
2760	610900	610927	3
2761	610900	610928	3
2762	610900	610929	3
2763	610000	611000	2
2764	611000	611002	3
2765	611000	611021	3
2766	611000	611022	3
2767	611000	611023	3
2768	611000	611024	3
2769	611000	611025	3
2770	611000	611026	3
2771	620000	620100	2
2772	620100	620102	3
2773	620100	620103	3
2774	620100	620104	3
2775	620100	620105	3
2776	620100	620111	3
2777	620100	620121	3
2778	620100	620122	3
2779	620100	620123	3
2780	620000	620200	2
2781	620000	620300	2
2782	620300	620302	3
2783	620300	620321	3
2784	620000	620400	2
2785	620400	620402	3
2786	620400	620403	3
2787	620400	620421	3
2788	620400	620422	3
2789	620400	620423	3
2790	620000	620500	2
2791	620500	620502	3
2792	620500	620503	3
2793	620500	620521	3
2794	620500	620522	3
2795	620500	620523	3
2796	620500	620524	3
2797	620500	620525	3
2798	620000	620600	2
2799	620600	620602	3
2800	620600	620621	3
2801	620600	620622	3
2802	620600	620623	3
2803	620000	620700	2
2804	620700	620702	3
2805	620700	620721	3
2806	620700	620722	3
2807	620700	620723	3
2808	620700	620724	3
2809	620700	620725	3
2810	620000	620800	2
2811	620800	620802	3
2812	620800	620821	3
2813	620800	620822	3
2814	620800	620823	3
2815	620800	620824	3
2816	620800	620825	3
2817	620800	620826	3
2818	620000	620900	2
2819	620900	620902	3
2820	620900	620921	3
2821	620900	620922	3
2822	620900	620923	3
2823	620900	620924	3
2824	620900	620981	3
2825	620900	620982	3
2826	620000	621000	2
2827	621000	621002	3
2828	621000	621021	3
2829	621000	621022	3
2830	621000	621023	3
2831	621000	621024	3
2832	621000	621025	3
2833	621000	621026	3
2834	621000	621027	3
2835	620000	621100	2
2836	621100	621102	3
2837	621100	621121	3
2838	621100	621122	3
2839	621100	621123	3
2840	621100	621124	3
2841	621100	621125	3
2842	621100	621126	3
2843	620000	621200	2
2844	621200	621202	3
2845	621200	621221	3
2846	621200	621222	3
2847	621200	621223	3
2848	621200	621224	3
2849	621200	621225	3
2850	621200	621226	3
2851	621200	621227	3
2852	621200	621228	3
2853	620000	622900	2
2854	622900	622901	3
2855	622900	622921	3
2856	622900	622922	3
2857	622900	622923	3
2858	622900	622924	3
2859	622900	622925	3
2860	622900	622926	3
2861	622900	622927	3
2862	620000	623000	2
2863	623000	623001	3
2864	623000	623021	3
2865	623000	623022	3
2866	623000	623023	3
2867	623000	623024	3
2868	623000	623025	3
2869	623000	623026	3
2870	623000	623027	3
2871	630000	630100	2
2872	630100	630102	3
2873	630100	630103	3
2874	630100	630104	3
2875	630100	630105	3
2876	630100	630121	3
2877	630100	630122	3
2878	630100	630123	3
2879	630000	632100	2
2880	632100	632121	3
2881	632100	632122	3
2882	632100	632123	3
2883	632100	632126	3
2884	632100	632127	3
2885	632100	632128	3
2886	630000	632200	2
2887	632200	632221	3
2888	632200	632222	3
2889	632200	632223	3
2890	632200	632224	3
2891	630000	632300	2
2892	632300	632321	3
2893	632300	632322	3
2894	632300	632323	3
2895	632300	632324	3
2896	630000	632500	2
2897	632500	632521	3
2898	632500	632522	3
2899	632500	632523	3
2900	632500	632524	3
2901	632500	632525	3
2902	630000	632600	2
2903	632600	632621	3
2904	632600	632622	3
2905	632600	632623	3
2906	632600	632624	3
2907	632600	632625	3
2908	632600	632626	3
2909	630000	632700	2
2910	632700	632721	3
2911	632700	632722	3
2912	632700	632723	3
2913	632700	632724	3
2914	632700	632725	3
2915	632700	632726	3
2916	630000	632800	2
2917	632800	632801	3
2918	632800	632802	3
2919	632800	632821	3
2920	632800	632822	3
2921	632800	632823	3
2922	640000	640100	2
2923	640100	640104	3
2924	640100	640105	3
2925	640100	640106	3
2926	640100	640121	3
2927	640100	640122	3
2928	640100	640181	3
2929	640000	640200	2
2930	640200	640202	3
2931	640200	640205	3
2932	640200	640221	3
2933	640000	640300	2
2934	640300	640302	3
2935	640300	640323	3
2936	640300	640324	3
2937	640300	640381	3
2938	640000	640400	2
2939	640400	640402	3
2940	640400	640422	3
2941	640400	640423	3
2942	640400	640424	3
2943	640400	640425	3
2944	640000	640500	2
2945	640500	640502	3
2946	640500	640521	3
2947	640500	640522	3
2948	650000	650100	2
2949	650100	650102	3
2950	650100	650103	3
2951	650100	650104	3
2952	650100	650105	3
2953	650100	650106	3
2954	650100	650107	3
2955	650100	650109	3
2956	650100	650121	3
2957	650000	650200	2
2958	650200	650202	3
2959	650200	650203	3
2960	650200	650204	3
2961	650200	650205	3
2962	650000	652100	2
2963	652100	652101	3
2964	652100	652122	3
2965	652100	652123	3
2966	650000	652200	2
2967	652200	652201	3
2968	652200	652222	3
2969	652200	652223	3
2970	650000	652300	2
2971	652300	652301	3
2972	652300	652302	3
2973	652300	652323	3
2974	652300	652324	3
2975	652300	652325	3
2976	652300	652327	3
2977	652300	652328	3
2978	650000	652700	2
2979	652700	652701	3
2980	652700	652722	3
2981	652700	652723	3
2982	650000	652800	2
2983	652800	652801	3
2984	652800	652822	3
2985	652800	652823	3
2986	652800	652824	3
2987	652800	652825	3
2988	652800	652826	3
2989	652800	652827	3
2990	652800	652828	3
2991	652800	652829	3
2992	650000	652900	2
2993	652900	652901	3
2994	652900	652922	3
2995	652900	652923	3
2996	652900	652924	3
2997	652900	652925	3
2998	652900	652926	3
2999	652900	652927	3
3000	652900	652928	3
3001	652900	652929	3
3002	650000	653000	2
3003	653000	653001	3
3004	653000	653022	3
3005	653000	653023	3
3006	653000	653024	3
3007	650000	653100	2
3008	653100	653101	3
3009	653100	653121	3
3010	653100	653122	3
3011	653100	653123	3
3012	653100	653124	3
3013	653100	653125	3
3014	653100	653126	3
3015	653100	653127	3
3016	653100	653128	3
3017	653100	653129	3
3018	653100	653130	3
3019	653100	653131	3
3020	650000	653200	2
3021	653200	653201	3
3022	653200	653221	3
3023	653200	653222	3
3024	653200	653223	3
3025	653200	653224	3
3026	653200	653225	3
3027	653200	653226	3
3028	653200	653227	3
3029	650000	654000	2
3030	654000	654002	3
3031	654000	654003	3
3032	654000	654021	3
3033	654000	654022	3
3034	654000	654023	3
3035	654000	654024	3
3036	654000	654025	3
3037	654000	654026	3
3038	654000	654027	3
3039	654000	654028	3
3040	650000	654200	2
3041	654200	654201	3
3042	654200	654202	3
3043	654200	654221	3
3044	654200	654223	3
3045	654200	654224	3
3046	654200	654225	3
3047	654200	654226	3
3048	650000	654300	2
3049	654300	654301	3
3050	654300	654321	3
3051	654300	654322	3
3052	654300	654323	3
3053	654300	654324	3
3054	654300	654325	3
3055	654300	654326	3
3056	650000	659001	2
3057	650000	659002	2
3058	650000	659003	2
3059	650000	659004	2
3060	230000	230100	2
3061	230100	230102	3
3062	230100	230103	3
3063	230100	230104	3
3064	230100	230108	3
3065	230100	230109	3
3066	230100	230110	3
3067	230100	230111	3
3068	230100	230112	3
3069	230100	230123	3
3070	230100	230124	3
3071	230100	230125	3
3072	230100	230126	3
3073	230100	230127	3
3074	230100	230128	3
3075	230100	230129	3
3076	230100	230182	3
3077	230100	230183	3
3078	230100	230184	3
3079	230000	230200	2
3080	230200	230202	3
3081	230200	230203	3
3082	230200	230204	3
3083	230200	230205	3
3084	230200	230206	3
3085	230200	230207	3
3086	230200	230208	3
3087	230200	230221	3
3088	230200	230223	3
3089	230200	230224	3
3090	230200	230225	3
3091	230200	230227	3
3092	230200	230229	3
3093	230200	230230	3
3094	230200	230231	3
3095	230200	230281	3
3096	230000	230300	2
3097	230300	230302	3
3098	230300	230303	3
3099	230300	230304	3
3100	230300	230305	3
3101	230300	230306	3
3102	230300	230307	3
3103	230300	230321	3
3104	230300	230381	3
3105	230300	230382	3
3106	230000	230400	2
3107	230400	230402	3
3108	230400	230403	3
3109	230400	230404	3
3110	230400	230405	3
3111	230400	230406	3
3112	230400	230407	3
3113	230400	230421	3
3114	230400	230422	3
3115	230000	230500	2
3116	230500	230502	3
3117	230500	230503	3
3118	230500	230505	3
3119	230500	230506	3
3120	230500	230521	3
3121	230500	230522	3
3122	230500	230523	3
3123	230500	230524	3
3124	230000	230600	2
3125	230600	230602	3
3126	230600	230603	3
3127	230600	230604	3
3128	230600	230605	3
3129	230600	230606	3
3130	230600	230621	3
3131	230600	230622	3
3132	230600	230623	3
3133	230600	230624	3
3134	230000	230700	2
3135	230700	230702	3
3136	230700	230703	3
3137	230700	230704	3
3138	230700	230705	3
3139	230700	230706	3
3140	230700	230707	3
3141	230700	230708	3
3142	230700	230709	3
3143	230700	230710	3
3144	230700	230711	3
3145	230700	230712	3
3146	230700	230713	3
3147	230700	230714	3
3148	230700	230715	3
3149	230700	230716	3
3150	230700	230722	3
3151	230700	230781	3
3152	230000	230800	2
3153	230800	230803	3
3154	230800	230804	3
3155	230800	230805	3
3156	230800	230811	3
3157	230800	230822	3
3158	230800	230826	3
3159	230800	230828	3
3160	230800	230833	3
3161	230800	230881	3
3162	230800	230882	3
3163	230000	230900	2
3164	230900	230902	3
3165	230900	230903	3
3166	230900	230904	3
3167	230900	230921	3
3168	230000	231000	2
3169	231000	231002	3
3170	231000	231003	3
3171	231000	231004	3
3172	231000	231005	3
3173	231000	231024	3
3174	231000	231025	3
3175	231000	231081	3
3176	231000	231083	3
3177	231000	231084	3
3178	231000	231085	3
3179	230000	231100	2
3180	231100	231102	3
3181	231100	231121	3
3182	231100	231123	3
3183	231100	231124	3
3184	231100	231181	3
3185	231100	231182	3
3186	230000	231200	2
3187	231200	231202	3
3188	231200	231221	3
3189	231200	231222	3
3190	231200	231223	3
3191	231200	231224	3
3192	231200	231225	3
3193	231200	231226	3
3194	231200	231281	3
3195	231200	231282	3
3196	231200	231283	3
3197	230000	232700	2
3198	232700	232701	3
3199	232700	232702	3
3200	232700	232703	3
3201	232700	232704	3
3203	232700	232721	3
3204	232700	232722	3
3205	232700	232723	3
3206	710000	710000	2
3207	710000	710000	3
3208	810000	810000	2
3209	810000	810000	3
3210	820000	820000	2
3211	820000	820000	3
3212	320200	320296	3
3213	420000	429900	2
3214	710000	710001	2
3215	460200	460200	3
3226	419000	419000	3
3227	429004	429004	3
3228	429005	429005	3
3229	429006	429006	3
3230	429021	429021	3
3231	441900	441900	3
3232	442000	442000	3
3233	620200	620200	3
3234	429900	429900	3
3235	710001	710001	3
3236	320500	320586	3
3237	320000	321400	2
3238	321400	321400	3
3239	320000	321500	2
3240	321500	321500	3
3241	330000	331200	2
3242	331200	331200	3
3243	510100	510184	3
3244	340100	340123	3
3245	440000	445400	2
3246	445400	445400	3
